95924
22604
18104
83207
18374
64239
69891
72799
49110
55157
81486
37571
62779
38790
35353
32356
65282
43396
76531
68279
41647
79595
77914
83873
55385
83289
93453
73129
34248
25000
74091
97869
39397
74266
39956
52902
56049
64241
86633
62859
87554
83067
22022
91733
30810
65771
85669
48156
65553
32030
53491
93497
60845
71237
31212
16242
68051
81370
68885
71241
17177
55019
75055
43694
96020
21424
87224
59875
94078
27941
23179
83447
36447
62331
77992
57990
19563
16619
52325
68932
51081
17810
82721
76597
27219
72877
84404
62220
47272
21850
38681
62547
51140
77048
25691
78020
72583
97658
97600
84565
62380
33064
20071
88805
79387
84396
62902
67292
19677
68133
77905
28688
90483
54152
90468
37701
67129
41078
57978
64764
97391
60169
47389
47394
69780
25993
70491
60165
60492
90029
20012
82623
16057
67834
90836
77497
21760
18472
23107
53968
38685
68265
22226
21749
59049
34656
84193
75719
41675
23601
92574
78419
20183
83836
64690
23748
89598
69377
21386
75890
36940
71473
59322
93410
78263
15114
29469
72640
35137
71502
50332
51784
65153
29002
90448
85049
22598
22874
72809
28066
66566
49495
21232
62684
69799
52159
27097
74147
46380
85410
16421
73981
37272
29073
95764
87186
70581
31393
53918
92903
64736
43538
19738
47523
95158
59775
54283
33270
75437
62069
78049
46327
21057
46910
17274
78634
39940
21918
38761
46059
95281
61260
69436
16302
61207
61328
78308
97894
95261
63623
79665
80018
43430
50763
87748
46755
64694
90374
91060
64437
64222
52530
97950
23181
83227
27931
49749
49222
56088
21738
20996
48400
74648
89755
28528
75557
31672
77946
