160951
8215
362816
322498
257753
449134
424139
327520
355782
190530
214246
23875
140194
413642
189854
458086
362254
94597
416977
43007
409545
64862
423013
336508
97370
348399
465393
237942
399485
408665
249671
362395
276767
265262
159991
35968
64626
329190
148134
255816
382769
112057
308114
328763
149039
95574
105484
153838
50550
229867
52914
261546
79462
227520
210926
181542
37123
74252
213189
91755
135921
137341
113789
355926
128133
310603
379170
154331
371666
177417
425940
245097
315533
344558
77696
412266
253121
33611
28788
362780
112254
5922
325464
53478
293646
84337
469741
143430
209430
103656
66184
382674
349950
400139
352741
77738
211539
320867
299801
349710
57458
351991
106037
380882
132115
305388
345552
173433
264974
225905
386384
322159
80136
105984
80115
195156
333610
71113
423726
128947
296095
34882
24837
50884
374020
122900
67741
187244
87125
97885
297783
174821
204694
139421
65293
45061
164034
448561
347970
105920
355015
307708
108400
373325
460698
62665
422641
86384
337327
418210
107665
28425
368974
472874
392050
14136
48503
29183
67964
471493
206769
186460
240800
363927
108645
418330
105053
156557
453897
404341
185540
170999
267505
439221
264592
402259
134631
299786
155968
234520
51744
368964
55700
429885
16474
253534
238816
295171
339594
172839
49942
175187
66435
463340
284506
390266
111226
391871
23449
193208
347107
411594
66413
394235
165268
226894
451229
81727
421043
283963
420196
260441
200665
189858
73289
131330
470993
386506
288354
196693
355250
14292
24149
388156
379461
240974
345193
425485
428301
342923
185985
357891
458272
409833
16529
115381
168752
215135
392753
182255
21462
70977
3536
478118
160920
443546
155217
26112
421412
354111
100928
383080
237468
378077
131920
381354
42114
379429
